Case: random
  insertion_sort: [0.00016370800040022004, 0.02010783299920149, 0.5001207909990626, 2.0502297499988344]
  merge_sort: [0.00012966699978278484, 0.001510707999841543, 0.009369958001116174, 0.020175292000203626]
  timsort: [1.1958001778111793e-05, 0.0001167919999716105, 0.0006946249995962717, 0.001482832998590311]

Case: sorted
  insertion_sort: [8.79199978953693e-06, 9.783399946172722e-05, 0.0005137080006534234, 0.0010537919988564681]
  merge_sort: [9.179100015899166e-05, 0.0010442919992783573, 0.00599970799885341, 0.012639708000278915]
  timsort: [1.9589988369261846e-06, 8.332999641424976e-06, 4.9250000301981345e-05, 9.987500015995465e-05]

Case: reversed
  insertion_sort: [0.00028287500026635826, 0.035173457999917446, 0.9781089999996766, 3.9848258330002864]
  merge_sort: [9.058300020114984e-05, 0.0010543749995122198, 0.0063249580016417895, 0.013279167000291636]
  timsort: [1.6670001059537753e-06, 8.208000508602709e-06, 5.7499999456922524e-05, 0.00013670800035470165]

Case: nearly_sorted
  insertion_sort: [3.779200051212683e-05, 0.004574041999148903, 0.1146765419998701, 0.4678305420002289]
  merge_sort: [0.00010954100071103312, 0.0013997910009493353, 0.008408124998823041, 0.01823441700071271]
  timsort: [8.832999810692854e-06, 8.437500036961865e-05, 0.0004009589993074769, 0.0008442500002274755]

